name: zipline
channels:
  - quantopian
  - defaults
dependencies:
  - _libgcc_mutex=0.1=main
  - alembic=0.7.7=py36_0
  - bcolz=0.12.1=np114py36_0
  - blas=1.0=mkl
  - blosc=1.20.1=hd408876_0
  - bottleneck=1.3.1=py36hdd07704_0
  - brotlipy=0.7.0=py36h27cfd23_1003
  - bzip2=1.0.8=h7b6447c_0
  - ca-certificates=2020.10.14=0
  - certifi=2020.11.8=py36h06a4308_0
  - cffi=1.14.0=py36h2e261b9_0
  - chardet=3.0.4=py36h06a4308_1003
  - click=7.1.2=py_0
  - cryptography=3.2.1=py36h3c74f83_1
  - cycler=0.10.0=py36_0
  - dbus=1.13.18=hb2f20db_0
  - decorator=4.4.2=py_0
  - empyrical=0.5.3=py36_0
  - expat=2.2.10=he6710b0_2
  - fontconfig=2.13.0=h9420a91_0
  - freetype=2.10.4=h5ab3b9f_0
  - glib=2.63.1=h5a9c865_0
  - gst-plugins-base=1.14.0=hbbd80ab_1
  - gstreamer=1.14.0=hb453b48_1
  - h5py=2.10.0=py36h7918eee_0
  - hdf5=1.10.4=hb1b8bf9_0
  - icu=58.2=he6710b0_3
  - idna=2.10=py_0
  - intel-openmp=2020.2=254
  - intervaltree=2.1.0=py36_0
  - iso3166=0.9=py36_0
  - iso4217=1.6.20180829=py36_0
  - jpeg=9b=h024ee3a_2
  - kiwisolver=1.3.0=py36h2531618_0
  - libedit=3.1.20191231=h14c3975_1
  - libffi=3.2.1=hf484d3e_1007
  - libgcc-ng=9.1.0=hdf63c60_0
  - libgfortran-ng=7.3.0=hdf63c60_0
  - libpng=1.6.37=hbc83047_0
  - libstdcxx-ng=9.1.0=hdf63c60_0
  - libuuid=1.0.3=h1bed415_2
  - libxcb=1.14=h7b6447c_0
  - libxml2=2.9.10=hb55368b_3
  - libxslt=1.1.34=hc22bd24_0
  - logbook=0.12.5=py36_0
  - lru-dict=1.1.4=py36_0
  - lxml=4.6.2=py36h9120a33_0
  - lz4-c=1.9.2=heb0550a_3
  - lzo=2.10=h7b6447c_2
  - mako=1.1.3=py_0
  - markupsafe=1.1.1=py36h7b6447c_0
  - matplotlib=3.1.1=py36h5429711_0
  - mkl=2020.2=256
  - mkl-service=2.3.0=py36he8ac12f_0
  - mock=4.0.2=py_0
  - multipledispatch=0.6.0=py36_0
  - ncurses=6.2=he6710b0_1
  - networkx=1.11=py36_1
  - numexpr=2.6.1=np114py36_0
  - numpy=1.14.2=py36hdbf6ddf_0
  - openssl=1.1.1h=h7b6447c_0
  - pandas=0.22.0=py36hf484d3e_0
  - pandas-datareader=0.8.1=py_0
  - patsy=0.5.1=py36_0
  - pcre=8.44=he6710b0_0
  - pip=20.3=py36h06a4308_0
  - pycparser=2.20=py_2
  - pyopenssl=20.0.0=pyhd3eb1b0_1
  - pyparsing=2.4.7=py_0
  - pyqt=5.9.2=py36h05f1152_2
  - pysocks=1.7.1=py36h06a4308_0
  - pytables=3.6.1=py36h71ec239_0
  - python=3.6.9=h265db76_0
  - python-dateutil=2.8.1=py_0
  - python-interface=1.5.3=py36_0
  - pytz=2020.4=pyhd3eb1b0_0
  - qt=5.9.7=h5867ecd_1
  - readline=7.0=h7b6447c_5
  - requests=2.25.0=pyhd3eb1b0_0
  - scipy=1.3.2=py36h7c811a0_0
  - setuptools=50.3.2=py36h06a4308_2
  - sip=4.19.8=py36hf484d3e_0
  - six=1.15.0=py36h06a4308_0
  - sortedcontainers=2.3.0=pyhd3eb1b0_0
  - sqlalchemy=1.3.20=py36h7b6447c_0
  - sqlite=3.33.0=h62c20be_0
  - statsmodels=0.10.1=py36hdd07704_0
  - tk=8.6.10=hbc83047_0
  - toolz=0.11.1=py_0
  - tornado=6.1=py36h27cfd23_0
  - trading-calendars=1.11.2=py36_0
  - urllib3=1.25.11=py_0
  - wheel=0.36.0=pyhd3eb1b0_0
  - xz=5.2.5=h7b6447c_0
  - zipline=1.4.1=np114py36_0
  - zlib=1.2.11=h7b6447c_3
  - zstd=1.4.5=h9ceee32_0
  - pip:
    - beautifulsoup4==4.9.3
    - soupsieve==2.0.1
    - yahoofinancials==1.6
prefix: /home/vscode/.conda/envs/zipline
